 波高極値解析サンプル入力データ
 Ａ地点の代表擾乱の極大波高
 
 極大波高
 1980 2019
  479  3.0  8.0
 (4f6.2)
  8.64  1.59 10.23  8.11
  8.00  3.71  1.57  5.24
  3.03  4.10  7.13  4.10
  6.04  7.57  6.48  3.68
  2.68  2.10  6.57  1.57
  6.80  7.92  5.79  4.13
  7.02  4.60  3.44  2.51
  1.28  1.20  1.23  7.21
  7.46  5.70  6.28  2.79
  3.55  3.92  4.10  1.74
  2.70  8.04  5.50  5.47
  3.10  2.78  8.11  4.06
  6.89  3.05  5.15  2.32
  1.34  2.89  7.99  5.21
  3.06  6.01  3.33  4.08
  4.70  3.42  2.11  1.51
  2.04  1.42  7.25  6.19
  5.64  5.35  6.83  3.49
  6.77  2.06  1.12  1.93
  1.08  4.56  6.84  7.75
  2.87  3.98  2.22  1.85
  1.50  5.14  7.90  3.44
  2.38  6.91  4.71  2.26
  2.77  5.77  1.84  2.24
  1.73  4.51  2.37  4.15
  7.74  3.30  4.78  3.93
  8.00  3.83  5.03  1.41
  4.07  5.16  4.26  8.32
  8.53  4.38  5.54  5.42
  5.51  6.87  3.33  6.61
  6.13  3.70  6.27  2.51
  7.81  2.97  2.47 10.37
  3.15  5.66  2.84  3.14
  1.80  1.33  3.06  1.59
  4.18  5.86  5.43  4.36
  3.90  7.22  4.86  4.76
  8.79  3.74  4.28  3.16
  3.07  2.93  6.10  3.47
  5.28  2.53  7.52  7.94
  3.53  5.98  3.01  5.52
  5.25  9.94  3.37  1.53
  4.54  2.81  1.73  3.89
  1.42  5.96  4.04  3.71
  2.90  4.36  6.49  5.18
  1.41  3.51  3.65  1.08
  5.82 10.14  8.35  7.63
  6.73  4.95  5.10  5.54
  3.55  1.21  1.96  1.84
  1.54  2.97  4.32  4.95
  6.81  3.53  3.84  5.87
  8.14  5.05  2.99  6.20
  1.53  2.88  4.30  4.91
  4.81  4.66  2.58  5.21
  6.58  5.32  4.87  4.82
  2.39  5.93  1.99  3.89
  5.68  5.42  4.18  7.09
  6.85  1.95  8.46  2.96
  5.79  2.29  2.67  8.93
  4.83  6.51  3.67  6.78
  3.81  5.08  2.85  5.56
  5.05  2.66  3.26  0.86
  3.24  5.16  5.80  6.01
  4.78  5.84  5.46  5.23
  3.81  2.99  6.58  6.93
  2.97  2.43  3.95  2.66
  7.98  2.41  7.08  5.83
  3.62  4.45  6.80  2.09
  2.99  3.98  5.56  5.89
  5.51  6.19  5.76  2.31
  5.47  6.22  6.03  3.93
  9.13  7.56  4.90  7.24
  6.01  7.97  7.01  7.64
  2.61  7.60  8.00  9.25
  2.04  4.32  8.42  5.36
 11.48  3.38  1.82  2.24
 11.61  4.68  2.82  4.46
  4.56  7.19  4.70  2.28
  8.51  1.37  2.04  6.56
  5.47  8.94  6.81  5.77
  5.93  7.44  1.70  1.49
  6.38  3.17  7.61  2.63
  6.52  4.91  5.69 10.82
  9.62  5.31  8.41  1.88
  2.19  2.77  3.09  3.71
  6.09  9.94  9.39  4.00
  1.05  1.31  2.18  1.56
  5.80  7.92  5.83  5.55
  4.70  4.05  4.73  5.47
  5.63  8.77  4.18  5.52
  2.58  9.14  6.80  3.48
  4.13  5.57  2.43  9.12
  5.09  1.86  1.75  5.33
  7.47  8.15  2.67  4.97
  6.17  4.87  2.19  2.36
  4.11  7.02  5.69  7.38
  5.73  3.25  3.28 10.58
  2.38  2.42  2.13  1.17
  7.47  5.06  6.85  6.11
  9.21  7.73  9.52  8.72
  6.55  7.02  3.37  4.88
  4.80  6.85  7.31  4.84
  6.95  5.14  5.98  4.57
  4.72  4.41  4.24  4.17
  3.07  5.60  2.23  3.45
  8.93  9.87  5.75  5.21
  7.99  5.67  9.97  6.78
  3.05  1.76  2.59  7.58
  6.37  8.91  7.68  5.11
  6.70  3.02  4.06 10.23
  1.81  1.05  4.01  6.34
  6.32  7.04  4.31  4.18
  4.23  1.69  5.06  5.78
  7.01  7.26  7.48  4.13
  6.71  7.23  3.67  8.45
  9.44  4.28  2.87  2.17
  2.43  0.76  1.55  4.97
  5.20  1.47  7.76  6.76
  5.08  7.08  4.68  7.13
  1.90  5.66  6.30  5.36
  1.87  6.05  4.03
    5
 (10f6.0)
  10.0  20.0  30.0  50.0 100.0
